- p1: participant 1

- \p1\user_inter_001_kitchen_mindful_meal\: 
participant 1 kitchen, intervention is mindful meal

- recorded data: user_st_intervention14.30_20250303_data.json
- recorded video: user_st_intervention14.30_20250303_vid.mp4
14.30 is the recording start time 
20250303 is the date

- data explanation:

{"f_n": 275, 
"t_stamp": 1741012306363, 
"t_stamp_local": "03/03/2025, 14:31:46", 
"total_secs": 65.067, "person_f": 1, "mv_f": 1, "mv_pix_n": 1155, "pixel_r": 0.036978933213805465, "mv_body_r": 3.664084011013639, "mv_sp": 0.9483225345611572, "nomv_sec": 0.0, "sp_field_o_all": [1.4753366708755493, 1.1979730129241943, 2.253326416015625, 0.7328088879585266], "mv_ratio_o_all": [0.0, 0.1670995670995671, 0.30995670995670993, 0.01818181818181818], "mv_dense_o_all": [0.0, 0.02456408298332697, 0.046134020618556704, 0.002672775868652157], 

"objects": [["person", "dining table", "spoon", "spoon", "spoon", "knife", "couch", "sink", "couch"], [0.9051001667976379, 0.7873775959014893, 0.7590449452400208, 0.7479546070098877, 0.640753984451294, 0.46491461992263794, 0.438639372587204, 0.42104214429855347, 0.3377903699874878], [[34, 65, 595, 479], [335, 225, 580, 375], [38, 134, 73, 216], [6, 137, 38, 228], [21, 135, 54, 224], [71, 129, 86, 170], [445, 187, 640, 422], [0, 288, 82, 334], [446, 185, 639, 330]]], 

"poses": [[36], [8.096673741347306], 
[
2D:
[[252, 227], [250, 330], [170, 322], [-1, -1], [-1, -1], [363, 351], [-1, -1], [-1, -1], [-1, -1], [-1, -1], [-1, -1], [-1, -1], [-1, -1], [-1, -1], [218, 195], [291, 191], [188, 221], [346, 217]]

], [[170, 191, 194, 161]], [

3D:
[[60.543, 2.1061, 482.0], [0.0, -0.0, 0.0], [0.0, -0.0, 0.0], [-1, -1, -1], [-1, -1, -1], [-14.5401, -52.3142, 265.0], [-1, -1, -1], [-1, -1, -1], [-1, -1, -1], [-1, -1, -1], [-1, -1, -1], [-1, -1, -1], [-1, -1, -1], [-1, -1, -1], [91.7107, 28.6162, 507.0], [31.4719, 31.8533, 506.0], [115.5222, 7.1089, 503.0], [-14.5124, 11.0023, 533.0]]]
]},



 